CKAE: [6.9519, 11.12336, 30.0703, 46.6668, 65.5497]
ITB-LSTM: [5.42246, 7.80415, 14.4761, 17.83114, 23.23122]
CNN-LSTM: [2.99728, 5.65739, 10.29234, 11.62909, 14.80631]
GA-FHT-Etman: [1.60886, 1.95828, 8.61368, 10.10829, 15.68474]
AttConv-LSTM: [1.04976, 2.46361, 6.90185, 7.51149, 13.93615]
UKF: [4.569366154751739, 14.522785117207347, 24.39743140636904, 34.569561058079, 45.07358394820776]
LSTM-Encoder-Decoder: [3.530928225923772, 11.016804673320031, 18.95829382641563, 26.893826531952836, 35.846554819423126]
Predictformer: [0.6416274304639183, 2.1350269007972624, 3.551113328230186, 4.9091615056901965, 6.22741915250187]
